=== 明细（增量 token 口径；HWM=该轮进程峰值 RSS）===
arm       segs   rd  turn prompt_T inc_tok prefill_ms prefill t/s tpot_ms   decode t/s HWM_GB  
-----------------------------------------------------------------------------------------------
llama     165    1   1   1996     1996    113333.4  17.61      380.0     2.63       8.71    
vllm逐层    165    1   1   1997     1958    147947.4  13.23      436.8     2.29       1.29    
vllm全层    165    1   1   1997     1958    146501.5  13.37      357.9     2.79       4.79    
llama     165    1   2   24       24      4920.0    4.88       381.8     2.62       8.71    
vllm逐层    165    1   2   2015     23      3539.2    6.50       494.7     2.02       1.42    
vllm全层    165    1   2   2015     23      3637.2    6.32       406.0     2.46       4.86    
llama     165    1   3   24       24      4789.4    5.01       383.9     2.61       8.71    
vllm逐层    165    1   3   2034     24      3373.3    7.11       428.1     2.34       1.46    
vllm全层    165    1   3   2034     24      3282.0    7.31       350.5     2.85       4.90    
llama     165    2   1   1996     1996    112882.7  17.68      383.8     2.61       8.71    
vllm逐层    165    2   1   1997     1958    148516.2  13.18      438.2     2.28       1.30    
vllm全层    165    2   1   1997     1958    147354.9  13.29      360.5     2.77       4.79    
llama     165    2   2   24       24      4883.2    4.91       381.7     2.62       8.71    
vllm逐层    165    2   2   2015     23      3707.2    6.20       499.9     2.00       1.42    
vllm全层    165    2   2   2015     23      3505.5    6.56       417.7     2.39       4.86    
llama     165    2   3   24       24      4769.5    5.03       382.9     2.61       8.71    
vllm逐层    165    2   3   2034     24      3286.0    7.30       430.8     2.32       1.46    
vllm全层    165    2   3   2034     24      3316.1    7.24       350.6     2.85       4.90    
llama     165    3   1   1996     1996    113339.2  17.61      394.1     2.54       8.71    
vllm逐层    165    3   1   1997     1958    147748.1  13.25      449.9     2.22       1.29    
vllm全层    165    3   1   1997     1958    146503.7  13.36      358.6     2.79       4.79    
llama     165    3   2   24       24      4939.2    4.86       382.7     2.61       8.71    
vllm逐层    165    3   2   2015     23      3595.4    6.40       502.6     1.99       1.42    
vllm全层    165    3   2   2015     23      3596.3    6.40       401.3     2.49       4.86    
llama     165    3   3   24       24      5142.7    4.67       383.8     2.61       8.71    
vllm逐层    165    3   3   2034     24      3340.7    7.18       431.2     2.32       1.46    
vllm全层    165    3   3   2034     24      3252.0    7.38       350.3     2.85       4.90    
llama     330    1   1   3976     3976    273935.1  14.51      664.9     1.50       9.00    
vllm逐层    330    1   1   3977     3938    310449.9  12.68      479.7     2.08       1.99    
vllm全层    330    1   1   3977     3938    310325.6  12.69      387.0     2.58       5.53    
llama     330    1   2   24       24      8444.9    2.84       660.5     1.51       9.00    
vllm逐层    330    1   2   3995     23      4392.8    5.24       562.2     1.78       2.18    
vllm全层    330    1   2   3995     23      4119.1    5.58       465.4     2.15       5.61    
llama     330    1   3   24       24      8514.0    2.82       667.5     1.50       9.00    
vllm逐层    330    1   3   4014     24      4096.1    5.86       460.8     2.17       2.22    
vllm全层    330    1   3   4014     24      4056.8    5.92       383.1     2.61       5.66    
llama     330    2   1   3976     3976    271746.7  14.63      670.8     1.49       9.00    
vllm逐层    330    2   1   3977     3938    308968.8  12.75      464.0     2.16       1.99    
vllm全层    330    2   1   3977     3938    309506.6  12.72      399.5     2.50       5.53    
llama     330    2   2   24       24      8418.1    2.85       657.6     1.52       9.00    
vllm逐层    330    2   2   3995     23      4403.7    5.22       540.7     1.85       2.18    
vllm全层    330    2   2   3995     23      4264.9    5.39       463.1     2.16       5.61    
llama     330    2   3   24       24      8501.3    2.82       665.9     1.50       9.00    
vllm逐层    330    2   3   4014     24      4230.4    5.67       458.3     2.18       2.22    
vllm全层    330    2   3   4014     24      4049.1    5.93       387.0     2.58       5.66    
llama     330    3   1   3976     3976    272219.1  14.61      673.5     1.48       9.00    
vllm逐层    330    3   1   3977     3938    311810.0  12.63      461.6     2.17       1.99    
vllm全层    330    3   1   3977     3938    309939.6  12.71      393.7     2.54       5.53    
llama     330    3   2   24       24      8550.7    2.81       657.3     1.52       9.00    
vllm逐层    330    3   2   3995     23      4445.8    5.17       554.9     1.80       2.18    
vllm全层    330    3   2   3995     23      4344.8    5.29       457.0     2.19       5.61    
llama     330    3   3   24       24      8403.3    2.86       666.6     1.50       9.00    
vllm逐层    330    3   3   4014     24      4104.2    5.85       460.2     2.17       2.22    
vllm全层    330    3   3   4014     24      4094.9    5.86       388.5     2.57       5.66    
llama     600    1   1   7216     7216    645635.1  11.18      1064.2    0.94       9.49    
vllm逐层    600    1   1   7217     7178    583575.7  12.30      514.4     1.94       3.21    
vllm全层    600    1   1   7217     7178    579703.5  12.38      439.6     2.27       6.75    
llama     600    1   2   24       24      14554.6   1.65       1066.3    0.94       9.49    
vllm逐层    600    1   2   7235     23      5762.8    3.99       593.0     1.69       3.42    
vllm全层    600    1   2   7235     23      5651.3    4.07       536.6     1.86       6.86    
llama     600    1   3   24       24      15258.4   1.57       1071.7    0.93       9.49    
vllm逐层    600    1   3   7254     24      5546.5    4.33       507.0     1.97       3.47    
vllm全层    600    1   3   7254     24      5397.3    4.45       432.5     2.31       6.91    
llama     600    2   1   7216     7216    654977.5  11.02      1065.1    0.94       9.49    
vllm逐层    600    2   1   7217     7178    579842.1  12.38      527.4     1.90       3.21    
vllm全层    600    2   1   7217     7178    582982.9  12.31      438.7     2.28       6.75    
llama     600    2   2   24       24      14428.6   1.66       1065.7    0.94       9.49    
vllm逐层    600    2   2   7235     23      5706.1    4.03       580.1     1.72       3.43    
vllm全层    600    2   2   7235     23      5702.2    4.03       498.5     2.01       6.86    
llama     600    2   3   24       24      14516.4   1.65       1073.2    0.93       9.49    
vllm逐层    600    2   3   7254     24      5516.6    4.35       508.3     1.97       3.47    
vllm全层    600    2   3   7254     24      5457.0    4.40       433.2     2.31       6.91    

=== 成对：prefill t/s（增量）===
segs   rd  turn | llama       vllm逐层      vllm全层     
165    1   1   |    17.61       13.23       13.37   
165    1   2   |     4.88        6.50        6.32   
165    1   3   |     5.01        7.11        7.31   
165    2   1   |    17.68       13.18       13.29   
165    2   2   |     4.91        6.20        6.56   
165    2   3   |     5.03        7.30        7.24   
165    3   1   |    17.61       13.25       13.36   
165    3   2   |     4.86        6.40        6.40   
165    3   3   |     4.67        7.18        7.38   
330    1   1   |    14.51       12.68       12.69   
330    1   2   |     2.84        5.24        5.58   
330    1   3   |     2.82        5.86        5.92   
330    2   1   |    14.63       12.75       12.72   
330    2   2   |     2.85        5.22        5.39   
330    2   3   |     2.82        5.67        5.93   
330    3   1   |    14.61       12.63       12.71   
330    3   2   |     2.81        5.17        5.29   
330    3   3   |     2.86        5.85        5.86   
600    1   1   |    11.18       12.30       12.38   
600    1   2   |     1.65        3.99        4.07   
600    1   3   |     1.57        4.33        4.45   
600    2   1   |    11.02       12.38       12.31   
600    2   2   |     1.66        4.03        4.03   
600    2   3   |     1.65        4.35        4.40   

=== 成对：decode t/s ===
segs   rd  turn | llama       vllm逐层      vllm全层     
165    1   1   |     2.63        2.29        2.79   
165    1   2   |     2.62        2.02        2.46   
165    1   3   |     2.61        2.34        2.85   
165    2   1   |     2.61        2.28        2.77   
165    2   2   |     2.62        2.00        2.39   
165    2   3   |     2.61        2.32        2.85   
165    3   1   |     2.54        2.22        2.79   
165    3   2   |     2.61        1.99        2.49   
165    3   3   |     2.61        2.32        2.85   
330    1   1   |     1.50        2.08        2.58   
330    1   2   |     1.51        1.78        2.15   
330    1   3   |     1.50        2.17        2.61   
330    2   1   |     1.49        2.16        2.50   
330    2   2   |     1.52        1.85        2.16   
330    2   3   |     1.50        2.18        2.58   
330    3   1   |     1.48        2.17        2.54   
330    3   2   |     1.52        1.80        2.19   
330    3   3   |     1.50        2.17        2.57   
600    1   1   |     0.94        1.94        2.27   
600    1   2   |     0.94        1.69        1.86   
600    1   3   |     0.93        1.97        2.31   
600    2   1   |     0.94        1.90        2.28   
600    2   2   |     0.94        1.72        2.01   
600    2   3   |     0.93        1.97        2.31   

=== 复用轮时延（turn2/turn3 的 prefill_ms，越小越好）===
segs   rd  turn | llama       vllm逐层      vllm全层     
165    1   2   |     4920        3539        3637   
165    1   3   |     4789        3373        3282   
165    2   2   |     4883        3707        3505   
165    2   3   |     4769        3286        3316   
165    3   2   |     4939        3595        3596   
165    3   3   |     5143        3341        3252   
330    1   2   |     8445        4393        4119   
330    1   3   |     8514        4096        4057   
330    2   2   |     8418        4404        4265   
330    2   3   |     8501        4230        4049   
330    3   2   |     8551        4446        4345   
330    3   3   |     8403        4104        4095   
600    1   2   |    14555        5763        5651   
600    1   3   |    15258        5546        5397   
600    2   2   |    14429        5706        5702   
600    2   3   |    14516        5517        5457   

=== 峰值内存（各 arm 的最大 HWM，GB）===
  vllm逐层    3.47 GB
  vllm全层    6.91 GB
  llama     9.49 GB

=== 输出抽检（前 16 字）===
[llama segs=165 r1 t1] 边缘计算与云计算的核心区别在于数
[vllm逐层 segs=165 r1 t1] 边缘计算与云计算的核心区别在于数
[vllm全层 segs=165 r1 t1] 边缘计算与云计算的核心区别在于数
[llama segs=165 r1 t2] 边缘计算 vs 云计算
[vllm逐层 segs=165 r1 t2] 边缘 vs 云：位置不同
[vllm全层 segs=165 r1 t2] 边缘 vs 云：位置不同
[llama segs=165 r1 t3] 追问一：小标题：边缘 vs 云：
[vllm逐层 segs=165 r1 t3] **小标题（≤10字）：**  
[vllm全层 segs=165 r1 t3] **小标题（≤10字）：**  
[llama segs=165 r2 t1] 边缘计算与云计算的核心区别在于数
[vllm逐层 segs=165 r2 t1] 边缘计算与云计算的核心区别在于数
[vllm全层 segs=165 r2 t1] 边缘计算与云计算的核心区别在于数
[llama segs=165 r2 t2] 边缘计算 vs 云计算
[vllm逐层 segs=165 r2 t2] 边缘 vs 云：位置不同
[vllm全层 segs=165 r2 t2] 边缘 vs 云：位置不同
[llama segs=165 r2 t3] 追问一：小标题：边缘 vs 云：
[vllm逐层 segs=165 r2 t3] **小标题（≤10字）：**  
[vllm全层 segs=165 r2 t3] **小标题（≤10字）：**  
[llama segs=165 r3 t1] 边缘计算与云计算的核心区别在于数
[vllm逐层 segs=165 r3 t1] 边缘计算与云计算的核心区别在于数
[vllm全层 segs=165 r3 t1] 边缘计算与云计算的核心区别在于数
[llama segs=165 r3 t2] 边缘计算 vs 云计算
[vllm逐层 segs=165 r3 t2] 边缘 vs 云：位置不同
[vllm全层 segs=165 r3 t2] 边缘 vs 云：位置不同
KV2_SUM2_DONE
