=== 明细（增量 token 口径；HWM=该轮进程峰值 RSS）===
arm       segs   rd  turn prompt_T inc_tok prefill_ms prefill t/s tpot_ms   decode t/s HWM_GB  
-----------------------------------------------------------------------------------------------
llama     165    1   1   1996     1996    112820.3  17.69      379.7     2.63       8.71    
vllm逐层    165    1   1   1997     1958    139494.5  14.04      438.4     2.28       1.29    
vllm全层    165    1   1   1997     1958    139851.9  14.00      298.6     3.35       4.79    
llama     165    1   2   24       24      4731.0    5.07       381.6     2.62       8.71    
vllm逐层    165    1   2   2015     23      6240.6    3.69       493.3     2.03       1.42    
vllm全层    165    1   2   2015     23      5934.3    3.88       333.3     3.00       4.85    
llama     165    1   3   24       24      4776.8    5.02       383.5     2.61       8.71    
vllm逐层    165    1   3   2034     24      5984.5    4.01       431.7     2.32       1.46    
vllm全层    165    1   3   2034     24      5798.3    4.14       289.1     3.46       4.90    
llama     165    2   1   1996     1996    112851.4  17.69      382.5     2.61       8.71    
vllm逐层    165    2   1   1997     1958    139175.0  14.07      441.7     2.26       1.29    
vllm全层    165    2   1   1997     1958    138862.3  14.10      302.1     3.31       4.79    
llama     165    2   2   24       24      5021.1    4.78       381.6     2.62       8.71    
vllm逐层    165    2   2   2015     23      6080.6    3.78       494.3     2.02       1.42    
vllm全层    165    2   2   2015     23      5891.2    3.90       330.6     3.03       4.85    
llama     165    2   3   24       24      4826.6    4.97       383.5     2.61       8.71    
vllm逐层    165    2   3   2034     24      5944.7    4.04       432.5     2.31       1.46    
vllm全层    165    2   3   2034     24      5994.9    4.00       291.0     3.44       4.90    
llama     165    3   1   1996     1996    113328.2  17.61      393.6     2.54       8.71    
vllm逐层    165    3   1   1997     1958    139416.9  14.04      443.1     2.26       1.29    
vllm全层    165    3   1   1997     1958    138712.1  14.12      294.1     3.40       4.79    
llama     165    3   2   24       24      4737.8    5.07       381.4     2.62       8.71    
vllm逐层    165    3   2   2015     23      6086.3    3.78       495.9     2.02       1.42    
vllm全层    165    3   2   2015     23      5948.5    3.87       330.0     3.03       4.85    
llama     165    3   3   24       24      4727.9    5.08       383.2     2.61       8.71    
vllm逐层    165    3   3   2034     24      6302.6    3.81       432.4     2.31       1.46    
vllm全层    165    3   3   2034     24      6033.0    3.98       291.2     3.43       4.90    
llama     330    1   1   3976     3976    271237.0  14.66      653.4     1.53       9.00    
vllm逐层    330    1   1   3977     3938    292185.3  13.48      468.3     2.14       1.99    
vllm全层    330    1   1   3977     3938    289414.6  13.61      327.6     3.05       5.53    
llama     330    1   2   24       24      8357.6    2.87       656.9     1.52       9.00    
vllm逐层    330    1   2   3995     23      9779.6    2.35       527.9     1.89       2.17    
vllm全层    330    1   2   3995     23      9628.2    2.39       361.5     2.77       5.61    
llama     330    1   3   24       24      8480.8    2.83       663.6     1.51       9.00    
vllm逐层    330    1   3   4014     24      9870.5    2.43       462.7     2.16       2.21    
vllm全层    330    1   3   4014     24      9611.8    2.50       318.7     3.14       5.65    
llama     330    2   1   3976     3976    272011.0  14.62      684.0     1.46       9.00    
vllm逐层    330    2   1   3977     3938    293384.2  13.42      465.8     2.15       1.99    
vllm全层    330    2   1   3977     3938    291685.4  13.50      326.4     3.06       5.53    
llama     330    2   2   24       24      8546.6    2.81       659.0     1.52       9.00    
vllm逐层    330    2   2   3995     23      9962.7    2.31       539.9     1.85       2.17    
vllm全层    330    2   2   3995     23      9989.7    2.30       362.8     2.76       5.61    
llama     330    2   3   24       24      8528.2    2.81       666.2     1.50       9.00    
vllm逐层    330    2   3   4014     24      9819.5    2.44       467.1     2.14       2.21    
vllm全层    330    2   3   4014     24      9546.6    2.51       322.2     3.10       5.65    
llama     330    3   1   3976     3976    272869.0  14.57      668.1     1.50       9.00    
vllm逐层    330    3   1   3977     3938    294524.6  13.37      468.5     2.13       1.99    
vllm全层    330    3   1   3977     3938    292803.3  13.45      322.1     3.10       5.53    
llama     330    3   2   24       24      8614.9    2.79       657.5     1.52       9.00    
vllm逐层    330    3   2   3995     23      9785.7    2.35       524.6     1.91       2.17    
vllm全层    330    3   2   3995     23      9903.8    2.32       366.8     2.73       5.61    
llama     330    3   3   24       24      8625.0    2.78       662.8     1.51       9.00    
vllm逐层    330    3   3   4014     24      9677.8    2.48       460.9     2.17       2.22    
vllm全层    330    3   3   4014     24      9740.5    2.46       318.8     3.14       5.65    
llama     600    1   1   7216     7216    649620.3  11.11      1066.0    0.94       9.49    
vllm逐层    600    1   1   7217     7178    545944.9  13.15      516.4     1.94       3.21    
vllm全层    600    1   1   7217     7178    544523.4  13.18      362.5     2.76       6.75    
llama     600    1   2   24       24      14410.5   1.67       1068.5    0.94       9.49    
vllm逐层    600    1   2   7235     23      16386.5   1.40       593.2     1.69       3.42    
vllm全层    600    1   2   7235     23      16033.9   1.43       406.0     2.46       6.86    
llama     600    1   3   24       24      14442.6   1.66       1076.4    0.93       9.49    
vllm逐层    600    1   3   7254     24      16229.7   1.48       500.6     2.00       3.47    
vllm全层    600    1   3   7254     24      15746.1   1.52       356.3     2.81       6.90    
llama     600    2   1   7216     7216    642618.7  11.23      1067.1    0.94       9.49    
vllm逐层    600    2   1   7217     7178    546836.2  13.13      504.5     1.98       3.21    
vllm全层    600    2   1   7217     7178    543021.0  13.22      378.5     2.64       6.75    
llama     600    2   2   24       24      14611.9   1.64       1068.3    0.94       9.49    
vllm逐层    600    2   2   7235     23      16248.7   1.42       567.7     1.76       3.42    
vllm全层    600    2   2   7235     23      16292.6   1.41       429.0     2.33       6.86    
llama     600    2   3   24       24      14601.3   1.64       1075.8    0.93       9.49    
vllm逐层    600    2   3   7254     24      15902.0   1.51       497.4     2.01       3.47    
vllm全层    600    2   3   7254     24      16033.5   1.50       356.9     2.80       6.90    
llama     600    3   1   7216     7216    654337.9  11.03      1064.6    0.94       9.49    
vllm逐层    600    3   1   7217     7178    548914.6  13.08      504.4     1.98       3.21    
vllm全层    600    3   1   7217     7178    542076.6  13.24      374.0     2.67       6.75    
llama     600    3   2   24       24      14590.6   1.64       1066.7    0.94       9.49    
vllm逐层    600    3   2   7235     23      16185.5   1.42       600.4     1.67       3.42    
vllm全层    600    3   2   7235     23      15914.1   1.45       410.8     2.43       6.86    
llama     600    3   3   24       24      14820.9   1.62       1074.9    0.93       9.49    
vllm逐层    600    3   3   7254     24      16007.5   1.50       498.3     2.01       3.47    
vllm全层    600    3   3   7254     24      15751.8   1.52       356.5     2.80       6.90    

=== 成对：prefill t/s（增量）===
segs   rd  turn | llama       vllm逐层      vllm全层     
165    1   1   |    17.69       14.04       14.00   
165    1   2   |     5.07        3.69        3.88   
165    1   3   |     5.02        4.01        4.14   
165    2   1   |    17.69       14.07       14.10   
165    2   2   |     4.78        3.78        3.90   
165    2   3   |     4.97        4.04        4.00   
165    3   1   |    17.61       14.04       14.12   
165    3   2   |     5.07        3.78        3.87   
165    3   3   |     5.08        3.81        3.98   
330    1   1   |    14.66       13.48       13.61   
330    1   2   |     2.87        2.35        2.39   
330    1   3   |     2.83        2.43        2.50   
330    2   1   |    14.62       13.42       13.50   
330    2   2   |     2.81        2.31        2.30   
330    2   3   |     2.81        2.44        2.51   
330    3   1   |    14.57       13.37       13.45   
330    3   2   |     2.79        2.35        2.32   
330    3   3   |     2.78        2.48        2.46   
600    1   1   |    11.11       13.15       13.18   
600    1   2   |     1.67        1.40        1.43   
600    1   3   |     1.66        1.48        1.52   
600    2   1   |    11.23       13.13       13.22   
600    2   2   |     1.64        1.42        1.41   
600    2   3   |     1.64        1.51        1.50   
600    3   1   |    11.03       13.08       13.24   
600    3   2   |     1.64        1.42        1.45   
600    3   3   |     1.62        1.50        1.52   

=== 成对：decode t/s ===
segs   rd  turn | llama       vllm逐层      vllm全层     
165    1   1   |     2.63        2.28        3.35   
165    1   2   |     2.62        2.03        3.00   
165    1   3   |     2.61        2.32        3.46   
165    2   1   |     2.61        2.26        3.31   
165    2   2   |     2.62        2.02        3.03   
165    2   3   |     2.61        2.31        3.44   
165    3   1   |     2.54        2.26        3.40   
165    3   2   |     2.62        2.02        3.03   
165    3   3   |     2.61        2.31        3.43   
330    1   1   |     1.53        2.14        3.05   
330    1   2   |     1.52        1.89        2.77   
330    1   3   |     1.51        2.16        3.14   
330    2   1   |     1.46        2.15        3.06   
330    2   2   |     1.52        1.85        2.76   
330    2   3   |     1.50        2.14        3.10   
330    3   1   |     1.50        2.13        3.10   
330    3   2   |     1.52        1.91        2.73   
330    3   3   |     1.51        2.17        3.14   
600    1   1   |     0.94        1.94        2.76   
600    1   2   |     0.94        1.69        2.46   
600    1   3   |     0.93        2.00        2.81   
600    2   1   |     0.94        1.98        2.64   
600    2   2   |     0.94        1.76        2.33   
600    2   3   |     0.93        2.01        2.80   
600    3   1   |     0.94        1.98        2.67   
600    3   2   |     0.94        1.67        2.43   
600    3   3   |     0.93        2.01        2.80   

=== 复用轮时延（turn2/turn3 的 prefill_ms，越小越好）===
segs   rd  turn | llama       vllm逐层      vllm全层     
165    1   2   |     4731        6241        5934   
165    1   3   |     4777        5984        5798   
165    2   2   |     5021        6081        5891   
165    2   3   |     4827        5945        5995   
165    3   2   |     4738        6086        5948   
165    3   3   |     4728        6303        6033   
330    1   2   |     8358        9780        9628   
330    1   3   |     8481        9871        9612   
330    2   2   |     8547        9963        9990   
330    2   3   |     8528        9820        9547   
330    3   2   |     8615        9786        9904   
330    3   3   |     8625        9678        9740   
600    1   2   |    14410       16386       16034   
600    1   3   |    14443       16230       15746   
600    2   2   |    14612       16249       16293   
600    2   3   |    14601       15902       16034   
600    3   2   |    14591       16185       15914   
600    3   3   |    14821       16007       15752   

=== 峰值内存（各 arm 的最大 HWM，GB）===
  vllm逐层    3.47 GB
  vllm全层    6.90 GB
  llama     9.49 GB

=== 输出抽检（前 16 字）===
[llama segs=165 r1 t1] 边缘计算与云计算的核心区别在于数
[vllm逐层 segs=165 r1 t1] 边缘计算与云计算的核心区别在于数
[vllm全层 segs=165 r1 t1] 边缘计算与云计算的核心区别在于数
[llama segs=165 r1 t2] 边缘计算 vs 云计算
[vllm逐层 segs=165 r1 t2] 边缘 vs 云：位置不同
[vllm全层 segs=165 r1 t2] 边缘 vs 云：位置不同
[llama segs=165 r1 t3] 追问一：小标题：边缘 vs 云：
[vllm逐层 segs=165 r1 t3] **小标题（≤10字）：**  
[vllm全层 segs=165 r1 t3] **小标题（≤10字）：**  
[llama segs=165 r2 t1] 边缘计算与云计算的核心区别在于数
[vllm逐层 segs=165 r2 t1] 边缘计算与云计算的核心区别在于数
[vllm全层 segs=165 r2 t1] 边缘计算与云计算的核心区别在于数
[llama segs=165 r2 t2] 边缘计算 vs 云计算
[vllm逐层 segs=165 r2 t2] 边缘 vs 云：位置不同
[vllm全层 segs=165 r2 t2] 边缘 vs 云：位置不同
[llama segs=165 r2 t3] 追问一：小标题：边缘 vs 云：
[vllm逐层 segs=165 r2 t3] **小标题（≤10字）：**  
[vllm全层 segs=165 r2 t3] **小标题（≤10字）：**  
[llama segs=165 r3 t1] 边缘计算与云计算的核心区别在于数
[vllm逐层 segs=165 r3 t1] 边缘计算与云计算的核心区别在于数
[vllm全层 segs=165 r3 t1] 边缘计算与云计算的核心区别在于数
[llama segs=165 r3 t2] 边缘计算 vs 云计算
[vllm逐层 segs=165 r3 t2] 边缘 vs 云：位置不同
[vllm全层 segs=165 r3 t2] 边缘 vs 云：位置不同
KV2_SUM2_DONE
ANALYSIS_DONE
